Kp = 0.63;
Ki = 0.0504;
Kd = 1.9688;


a2 = 43;
a1 = 3;
